0.1
0.1355
0.161
0.189
0.216
0.2245
0.2355
0.252
0.2595
0.269
0.281
0.3005
0.2915
0.305
0.3115
0.3085
0.3175
0.324
0.3245
0.335
0.3285
0.3325
0.3315
0.335
0.347
0.3455
0.3465
0.3525
0.355
0.3635
0.3595
0.3565
0.3595
0.356
0.358
0.3615
0.3655
0.3685
0.366
0.375
0.369
0.38
0.3735
0.3745
0.3825
0.3845
0.3815
0.3765
0.3865
0.385
0.394
0.389
0.3895
0.3865
0.393
0.396
0.403
0.396
0.3945
0.397
0.4025
0.4055
0.406
0.406
0.4055
0.4045
0.4005
0.4065
0.4055
0.4075
0.411
0.408
0.415
0.4205
0.4145
0.4195
0.414
0.4125
0.418
0.407
0.419
0.4295
0.4175
0.423
0.4275
0.423
0.4315
0.4225
0.427
0.4365
0.426
0.4265
0.4375
0.439
0.441
0.442
0.4375
0.4415
0.439
0.4345
0.4385
0.441
0.4375
0.4435
0.4435
0.445
0.4445
0.448
0.4395
0.449
0.441
0.4455
0.4495
0.451
0.445
0.4505
0.4495
0.4565
0.4565
0.4555
0.4565
0.45
0.462
0.454
0.46
0.4655
0.455
0.4505
0.472
0.4555
0.459
0.471
0.461
0.4665
0.47
0.468
0.466
0.4595
0.464
0.4715
0.473
0.472
0.476
0.4685
0.473
0.471
0.474
0.469
0.474
0.474
0.4805
0.484
0.4795
0.4795
0.4825
0.482
0.4875
0.478
0.478
0.491
0.4785
0.4935
0.49
0.4845
0.489
0.4885
0.4895
0.4885
0.4905
0.4885
0.4925
0.492
0.4925
0.489
0.49
0.497
0.4925
0.499
0.497
0.4945
0.485
0.4985
0.496
0.491
0.497
0.4965
0.4925
0.504
0.493
0.507
0.504
0.5075
0.5015
0.51
0.5035
0.505
0.5145
0.5125
0.5165
0.5125
0.511
0.515
0.5085
0.518
0.517
0.517
0.518
0.5155
0.5175
0.5155
0.52
0.517
0.5175
0.5185
0.5285
0.526
0.5285
0.528
0.5315
0.531
0.532
0.5315
0.532
0.5155
0.531
0.5315
0.5325
0.5285
0.5285
0.533
0.5425
0.5305
0.5345
0.5345
0.531
0.532
0.528
0.529
0.536
0.54
0.5395
0.547
0.54
0.532
0.541
0.524
0.5365
0.5415
0.5495
0.54
0.546
0.547
0.5435
0.539
0.531
0.545
0.546
0.555
0.5505
0.549
0.548
0.5475
0.557
0.548
0.5515
0.5475
0.545
0.5525
0.554
0.563
0.5565
0.562
0.56
0.5665
0.5605
0.557
0.561
0.566
0.557
0.563
0.565
0.553
0.564
0.5565
0.567
0.5615
0.553
0.5645
0.564
0.569
0.5655
0.5545
0.5695
0.561
0.566
0.5675
0.5785
0.567
0.5665
0.575
0.566
0.5705
0.576
0.5765
0.5735
0.563
0.5825
0.5715
0.575
0.5835
0.5865
0.5825
0.582
0.5875
0.586
0.5935
0.5815
0.5875
0.5835
0.585
0.5845
0.5845
0.582
0.59
0.5925
0.5935
0.5825
0.5825
0.5935
0.59
0.5865
0.61
0.594
0.5955
0.5815
0.6015
0.592
0.589
0.593
0.5995
0.5955
0.596
0.6035
0.5945
0.592
0.586
0.586
0.5985
0.61
0.6025
0.6015
0.6035
0.5965
0.6015
0.6015
0.6035
0.6035
0.6
0.611
0.6
0.606
0.6015
0.6055
0.609
0.6055
0.614
0.6115
0.613
0.6095
0.6105
0.607
0.617
0.6035
0.6105
0.6165
0.613
0.618
0.622
0.6185
0.6135
0.617
0.617
0.619
0.6095
0.6245
0.625
0.603
0.6185
0.614
0.615
0.62
0.6105
0.617
0.619
0.621
0.622
0.619
0.6215
0.6145
0.619
0.6205
0.6235
0.633
0.622
0.6195
0.632
0.628
0.627
0.6265
0.6315
0.634
0.6245
0.6195
0.631
0.633
0.6305
0.6305
0.6215
0.6385
0.622
0.632
0.623
0.6315
0.6345
0.6235
0.636
0.6255
0.6365
0.6335
0.639
0.641
0.634
0.6405
0.648
0.6335
0.6395
0.6365
0.639
0.6395
0.634
0.631
0.632
0.643
0.6305
0.646
0.637
0.6275
0.6275
0.6475
0.6425
0.636
0.6375
0.6425
0.648
0.649
0.6425
0.65
0.635
0.65
0.645
0.6555
0.6505
0.647
0.649
0.644
0.642
0.649
0.6525
0.6515
0.642
0.6435
0.647
0.6385
0.652
0.6515
0.6455
0.6475
0.656
0.6625
0.6495
0.646
0.664
0.651
0.668
0.65
0.6415
0.65
0.647
0.646
0.652
0.6565
0.654
0.655
0.654
0.651
0.654
0.64
0.651
0.644
0.655
0.649
0.6445
0.6495
0.6555
0.645
0.6455
0.664
0.655
0.651
0.658
0.6535
0.661
0.654
0.655
0.65
0.659
0.66
0.657
0.6585
0.656
0.6625
0.657
0.6695
0.6645
0.66
0.659
0.661
0.6675
0.6575
0.6535
0.6575
0.6585
0.658
0.65
0.658
0.663
0.661
0.653
0.6595
0.6585
0.6725
0.6715
0.6635
0.6675
0.67
0.6745
0.672
0.664
0.661
0.6675
0.666
0.6705
0.677
0.6635
0.6735
0.665
0.6765
0.6665
0.669
0.667
0.6605
0.6745
0.6735
0.6685
0.6745
0.6765
0.666
0.6785
0.675
0.6755
0.669
0.6735
0.6865
0.6765
0.671
0.684
0.672
0.671
0.6805
0.676
0.6835
0.689
0.6805
0.6855
0.692
0.6745
0.668
0.6785
0.678
0.6755
0.6745
0.6745
0.676
0.6795
0.6695
0.683
0.678
0.6775
0.6755
0.6775
0.6825
0.6785
0.688
0.688
0.682
0.6785
0.6895
0.6815
0.685
0.677
0.682
0.691
0.686
0.6935
0.6965
0.6905
0.694
0.684
0.6795
0.699
0.691
0.685
0.6905
0.6885
0.6905
0.6875
0.6935
0.687
0.6935
0.7025
0.7045
0.7055
0.696
0.7005
0.6865
0.6975
0.7015
0.7025
0.706
0.7025
0.7025
0.708
0.6975
0.6935
0.7
0.696
0.699
0.697
0.697
0.7085
0.7015
0.7045
0.7055
0.699
0.7015
0.703
0.7
0.7005
0.7015
0.694
0.707
0.7145
0.6915
0.7035
0.7035
0.7065
0.699
0.7065
0.716
0.7045
0.708
0.708
0.696
0.7015
0.7055
0.689
0.694
0.7125
0.7025
0.7025
0.708
0.7025
0.71
0.697
0.6975
0.689
0.7105
0.6915
0.701
0.7025
0.704
0.703
0.691
0.7045
0.6975
0.7015
0.7035
0.7065
0.6995
0.7105
0.703
0.7
0.7015
0.709
0.71
0.697
0.709
0.713
0.695
0.7105
0.71
0.6985
0.704
0.715
0.7055
0.712
0.702
0.704
0.699
0.711
0.713
0.7145
0.7065
0.71
0.7085
0.7165
0.705
0.701
0.7105
0.702
0.7085
0.7095
0.7045
0.715
0.7145
0.7125
0.7105
0.7075
0.722
0.718
0.7135
0.7075
0.695
0.706
0.707
0.7165
0.7005
0.7075
0.7115
0.717
0.7105
0.702
0.7105
0.709
0.7115
0.712
0.712
0.713
0.7115
0.7185
0.7125
0.709
0.728
0.713
0.7125
0.72
0.719
0.717
0.706
0.726
0.7135
0.712
0.725
0.7195
0.7165
0.7285
0.724
0.713
0.7205
0.7135
0.723
0.717
0.724
0.7255
0.73
0.722
0.722
0.729
0.731
0.717
0.7235
0.7155
0.722
0.7275
0.7155
0.72
0.725
0.724
0.726
0.7165
0.728
0.7235
0.7225
0.719
0.7255
0.722
0.7305
0.7215
0.7205
0.728
0.7205
0.7175
0.7215
0.7235
0.722
0.7255
0.7225
0.734
0.7345
0.7325
0.7275
0.731
0.733
0.7365
0.733
0.7305
0.726
0.723
0.7265
0.7165
0.729
0.7375
0.7255
0.7335
0.732
0.727
0.7355
0.7275
0.7395
0.7345
0.732
0.723
0.732
0.73
0.7325
0.7265
0.7295
0.73
0.736
0.7325
0.7325
0.738
0.733
0.7345
0.7325
0.7265
0.7365
0.73
0.7425
0.7275
0.727
0.736
0.7395
0.736
0.7325
0.727
0.727
0.7445
0.7355
0.739
0.744
0.7365
0.7395
0.7345
0.7435
0.7335
0.727
0.7365
0.7355
0.735
0.7375
0.7385
0.7335
0.7325
0.734
0.75
0.74
0.742
0.741
0.7395
0.7295
0.739
0.7395
0.7455
0.737
0.7475
0.742
0.738
0.732
0.747
0.7485
0.7365
0.7355
0.738
0.7375
0.7435
0.7355
0.744
0.7525
0.743
0.73
0.748
0.747
0.737
0.7435
0.7405
0.7405
0.7565
0.744
0.7415
0.733
0.739
0.7485
0.74
0.744
0.748
0.7385
0.7325
0.732
0.722
0.7315
0.7355
0.7445
0.7325
0.744
0.738
0.757
0.749
0.7395
0.7395
0.7405
0.7415
0.726
0.741
0.729
0.7455
0.743
0.739
0.744
0.734
0.729
0.733
0.7505
0.7445
0.743
0.7415
0.7435
0.741
0.7435
0.739
0.74
0.7405
0.74
0.7405
0.746
0.7525
0.7315
0.751
0.7375
0.7435
0.753
0.7455
0.7545
0.75
0.7525
0.75
0.745
0.744
0.7425
0.7505
0.739
0.741
0.755
0.7485
0.7405
0.752
0.7415
0.75
0.76
0.7475
0.7535
0.75
0.7515
0.7545
0.754
0.7545
0.761
0.751
0.7585
0.742
